1000
54 6 54
46 25 23
28 13 37
84 63 23
13 15 91
74 24 4
42 62 90
60 98 27
34 29 37
23 58 58
59 78 24
77 18 99
91 2 82
99 77 4
69 77 100
100 90 10
28 96 15
100 76 79
100 9 27
17 2 33
31 80 31
98 4 46
55 3 20
28 53 36
85 9 98
16 81 32
18 82 44
4 57 29
64 82 82
82 20 52
53 28 74
11 92 53
23 89 93
22 84 76
95 21 59
77 65 16
13 98 74
96 74 56
86 23 47
8 88 1
61 18 70
57 38 52
0 34 29
16 46 80
28 81 52
85 67 94
25 93 2
35 22 38
48 100 27
60 81 24
45 12 15
18 61 15
88 17 100
49 11 58
20 94 40
38 100 15
58 58 81
98 83 39
81 14 29
33 35 34
5 66 37
41 88 72
7 13 7
90 93 62
87 12 14
90 69 60
84 24 17
71 87 7
84 79 64
19 32 69
78 53 78
82 2 69
90 67 82
50 27 13
55 98 32
90 58 66
88 64 68
80 53 38
23 66 83
99 60 89
23 100 5
93 21 57
16 39 79
62 59 95
16 86 48
35 72 76
28 43 83
66 17 16
6 74 68
13 9 38
22 41 17
31 9 89
6 27 73
92 7 98
55 82 52
23 74 80
21 53 4
52 23 15
11 30 40
58 86 97
76 77 73
64 70 73
72 68 30
83 15 78
45 58 33
65 46 89
43 97 35
18 56 55
38 42 11
76 70 22
31 3 8
5 98 52
28 11 21
43 81 99
22 2 57
36 60 91
3 31 48
25 40 82
66 25 14
64 25 83
38 3 52
57 14 13
94 30 1
80 74 70
83 56 97
100 6 31
31 47 82
52 39 2
25 85 66
83 81 21
88 76 98
93 40 71
17 17 24
67 45 84
44 26 6
95 95 17
47 12 95
65 81 74
6 74 32
15 40 98
50 22 86
15 48 19
73 66 59
89 8 11
100 37 76
57 59 38
61 34 14
31 11 98
37 24 17
83 41 63
26 91 40
100 33 89
81 38 96
25 60 20
34 26 6
84 90 1
6 26 84
99 58 92
7 84 93
87 93 35
58 20 9
76 27 10
10 87 38
94 7 87
74 3 72
100 89 96
2 100 54
33 69 55
85 85 71
91 59 33
22 21 46
41 58 27
57 76 73
2 86 38
74 35 78
93 73 82
56 80 4
60 100 78
75 23 60
49 18 95
57 52 31
79 48 79
43 72 63
87 20 40
58 20 22
70 72 24
19 53 6
74 86 76
60 4 61
52 68 11
88 55 34
0 20 25
38 13 25
4 99 34
42 33 100
60 86 100
77 88 1
13 55 55
53 92 12
62 17 79
73 43 35
68 55 29
23 70 19
84 26 67
78 22 46
32 15 55
92 67 54
70 100 38
67 68 52
70 91 100
86 14 22
46 59 25
25 74 22
82 35 76
75 33 74
47 1 94
13 64 42
33 61 4
6 97 77
50 95 41
99 10 38
48 46 58
30 29 57
12 71 89
32 60 75
62 86 17
83 62 4
45 61 96
33 34 86
0 55 55
4 86 31
36 54 38
61 53 3
22 89 58
6 45 79
53 89 74
56 82 23
17 52 13
23 35 44
95 22 15
84 70 75
34 16 89
19 95 1
59 89 41
56 43 8
75 31 59
45 58 69
54 86 32
66 15 25
51 52 94
5 21 40
18 18 95
50 58 100
62 46 1
56 83 72
7 78 53
1 23 57
47 66 45
99 35 58
64 76 28
29 16 45
73 4 82
38 86 11
53 6 61
33 84 61
66 30 100
1 45 6
93 6 84
51 61 55
3 83 27
90 76 61
89 42 1
69 39 59
94 54 91
81 58 33
73 94 45
57 92 78
67 1 56
61 55 7
43 82 18
96 95 29
18 22 25
35 99 22
14 78 60
73 100 14
31 90 6
60 87 90
92 3 36
9 70 2
20 56 69
13 35 36
91 5 25
53 90 67
55 36 81
98 13 29
90 63 36
9 100 8
82 94 57
94 30 67
100 84 72
59 82 94
44 35 57
27 81 7
55 68 37
55 4 97
99 8 69
21 60 67
37 26 33
53 66 72
3 89 85
39 62 100
42 25 39
80 94 17
61 95 87
88 5 55
47 53 21
95 88 7
16 81 80
67 3 26
20 14 88
17 6 40
78 28 15
76 84 67
30 5 55
14 89 2
55 94 47
12 85 59
90 47 68
100 87 47
2 9 3
69 74 98
56 65 95
62 18 5
100 18 7
8 67 44
51 16 83
22 64 65
98 100 65
30 9 85
65 69 32
84 71 12
87 15 84
30 83 16
52 22 97
22 28 37
54 83 44
4 38 5
44 52 32
96 28 17
21 89 97
1 81 66
63 74 95
34 44 71
51 22 21
85 74 65
87 21 91
56 44 57
54 7 5
17 43 82
81 88 84
100 1 1
53 85 73
90 48 65
4 1 83
17 78 67
54 36 40
67 89 59
42 65 78
88 40 84
94 75 65
50 45 96
94 6 97
35 29 87
17 73 94
14 98 61
75 40 70
70 59 36
31 43 35
41 20 71
54 12 86
97 69 86
47 32 85
98 28 93
97 81 53
93 62 100
2 96 76
56 1 93
10 36 76
54 72 3
25 68 86
85 7 21
37 73 10
75 56 53
81 13 32
79 7 62
44 88 41
10 34 81
50 20 90
85 96 27
24 66 29
92 31 9
84 98 25
50 65 61
75 55 81
95 11 94
63 18 95
99 70 27
68 47 78
100 74 54
76 82 99
18 69 54
35 64 17
34 72 75
12 55 55
71 28 11
57 27 68
83 21 71
84 95 42
31 37 19
43 47 33
10 72 100
58 91 89
8 61 3
100 89 76
97 10 91
46 74 16
100 66 7
0 53 42
99 97 98
99 92 73
5 42 25
4 47 5
61 65 100
43 99 74
89 48 41
4 11 83
3 38 18
53 48 96
72 21 28
63 53 74
23 34 79
72 73 82
80 5 56
0 99 43
48 100 7
73 5 80
67 14 93
65 18 82
6 10 20
75 97 59
65 34 26
53 22 1
39 68 89
71 8 8
77 46 98
41 54 55
19 7 99
40 31 94
65 39 45
48 39 20
74 86 67
38 87 35
65 77 35
70 25 2
16 88 96
80 80 99
17 31 57
38 91 22
25 69 7
35 73 75
28 95 98
6 56 93
85 33 65
84 18 41
22 15 99
97 83 99
1 23 28
63 38 11
64 15 25
100 68 14
97 18 34
4 99 54
38 92 85
29 35 24
11 10 80
67 45 63
23 7 3
99 91 5
61 6 25
0 54 4
38 96 19
35 81 8
61 58 61
49 79 11
24 1 68
67 43 20
96 100 18
74 32 14
53 48 15
23 1 19
51 9 46
22 61 99
38 73 58
49 47 74
42 7 15
88 56 9
85 55 91
63 97 5
83 77 98
16 43 68
59 19 85
53 61 85
96 67 6
48 69 67
44 33 42
13 99 9
87 81 48
1 54 73
59 96 91
1 28 70
87 78 17
82 86 16
98 31 67
55 71 46
83 77 15
90 69 64
24 81 77
28 75 45
55 94 27
98 87 25
82 70 56
59 30 79
44 5 97
67 88 33
8 58 1
14 30 25
84 1 80
50 78 61
100 31 11
43 86 20
65 19 26
84 58 56
82 42 37
53 3 4
44 52 32
88 27 3
36 65 62
86 92 88
40 76 92
51 76 26
98 69 74
39 72 57
63 90 6
100 60 84
87 63 13
75 52 73
34 85 73
8 47 90
45 19 56
72 40 83
25 43 87
5 36 8
34 68 35
25 55 35
73 93 3
54 99 95
30 86 56
52 91 16
38 15 17
59 83 100
29 25 59
31 46 91
8 87 8
8 100 13
45 38 11
46 4 73
45 24 72
70 35 42
14 19 22
9 76 39
7 55 85
85 16 71
44 65 58
9 77 77
14 46 40
54 28 35
19 38 41
15 74 4
42 93 80
69 3 81
42 12 84
4 95 82
57 85 91
40 79 88
5 97 10
53 5 47
76 41 73
74 98 45
16 93 89
57 98 14
32 94 82
62 87 92
27 65 77
77 76 20
41 35 64
14 63 94
66 96 69
60 5 38
13 63 44
86 82 81
32 46 61
81 69 83
50 42 68
4 17 11
93 54 6
12 33 57
46 60 37
77 67 94
40 29 7
14 60 30
10 33 21
57 71 100
85 12 5
44 4 23
58 90 100
58 12 24
52 27 39
48 21 33
75 18 61
97 82 93
28 12 87
44 7 12
10 32 14
7 33 36
81 40 43
67 10 77
79 100 64
7 62 58
91 24 30
100 26 16
22 75 38
23 76 96
87 47 83
15 81 62
41 48 10
89 86 90
63 75 34
16 48 34
7 29 92
81 4 75
54 18 72
75 53 41
12 72 83
57 75 37
25 43 2
79 6 20
16 97 9
85 85 34
79 31 94
62 44 84
76 5 76
51 46 69
6 90 18
19 78 93
30 74 67
10 22 75
93 85 66
76 78 55
61 11 30
71 86 34
35 55 45
68 23 92
61 12 61
20 46 39
47 52 75
31 8 81
76 85 40
76 7 28
27 6 1
68 88 5
36 41 40
74 83 52
17 8 18
75 76 37
3 40 45
38 20 36
10 22 55
39 39 55
4 64 27
78 100 69
20 71 63
70 67 75
84 79 48
57 76 70
52 69 42
59 98 12
76 58 19
18 13 17
70 88 73
24 26 19
39 5 87
33 17 14
55 47 53
75 37 68
16 53 10
29 23 13
66 98 21
32 81 7
29 90 66
43 30 26
83 98 82
95 11 94
58 63 62
92 80 87
13 66 1
73 79 96
79 70 92
69 82 83
44 60 67
50 36 93
91 63 31
82 47 30
1 52 5
33 24 78
52 10 20
45 4 63
42 4 54
7 34 65
28 62 38
97 70 4
21 88 44
74 9 58
23 21 97
4 84 60
52 58 41
95 53 33
19 54 59
1 73 59
26 4 85
55 2 71
91 41 56
61 85 22
80 60 28
29 71 99
87 28 17
86 25 64
92 10 71
68 23 60
14 59 83
100 31 47
24 64 84
42 93 63
49 73 97
75 69 6
31 9 91
62 57 13
51 16 84
84 93 54
77 97 48
68 82 88
50 22 62
76 23 47
51 66 33
62 67 78
36 64 15
57 41 42
91 10 23
100 6 94
35 9 73
19 77 96
27 5 38
67 23 25
31 83 25
16 54 82
76 87 22
100 35 40
88 45 37
7 56 41
99 13 4
67 56 15
91 10 57
87 22 56
8 7 32
10 9 17
51 72 5
93 79 38
73 41 26
64 38 29
50 91 58
75 71 84
38 31 43
28 1 34
30 64 33
84 30 23
100 89 79
72 36 27
1 87 21
46 13 25
30 64 56
21 94 36
65 89 98
38 6 39
87 40 57
4 45 66
7 83 47
59 43 87
59 22 76
28 46 55
92 38 94
24 57 9
74 73 98
30 61 23
25 17 18
47 39 84
97 76 47
37 33 18
65 88 97
2 42 20
85 13 84
19 13 36
90 98 72
17 37 79
43 9 84
63 93 100
35 87 31
51 39 32
20 2 14
92 82 14
5 92 68
68 94 26
3 75 98
82 77 39
61 30 32
99 99 99
47 68 48
12 72 15
55 82 21
74 92 31
79 88 11
2 57 53
94 20 21
2 36 39
60 52 78
91 65 22
11 78 3
61 89 91
49 35 2
95 82 27
79 37 2
91 2 11
19 87 86
22 20 89
17 32 44
46 18 82
42 73 40
39 43 22
95 29 87
43 58 83
100 70 91
28 88 81
73 94 6
49 78 52
65 42 19
43 82 22
100 61 33
100 47 93
67 67 62
38 4 40
18 57 73
8 61 41
54 98 4
48 77 79
0 68 90
98 22 42
80 78 67
99 70 86
76 10 62
56 22 38
52 20 71
61 29 41
26 92 27
96 46 9
69 44 38
36 86 34
24 89 95
41 85 26
8 13 21
33 6 28
57 64 92
81 53 85
43 54 4
91 77 63
96 10 58
62 48 83
2 1 3
82 19 81
27 86 68
77 89 85
77 75 10
25 54 15
79 67 41
35 68 35
75 9 23
20 56 46
19 57 99
67 77 35
34 38 11
39 85 37
92 100 81
98 41 60
36 22 35
4 25 17
87 70 20
6 23 99
46 60 87
37 33 85
0 20 21
78 21 43
16 11 38
85 93 63
48 59 23
63 47 47
37 3 58
23 7 39
53 76 77
66 20 11
80 32 67
11 97 8
1 87 71
11 69 57
24 29 11
81 64 71
34 66 96
13 45 52
25 47 39
53 70 66
88 58 41
37 43 86
20 41 6
14 72 37
69 96 3
1 90 31
78 28 94
55 80 45
25 76 48
34 9 32
52 27 3
38 2 57
41 9 44
100 91 95
48 55 54
91 63 85
12 98 95
55 37 9
40 87 59
70 42 40
79 87 63
67 19 16
0 57 27
12 8 16
60 29 94
6 57 10
58 27 76
55 83 24
79 69 11
56 6 32
68 63 40
9 3 8
53 86 23
88 93 40
82 24 95
93 24 72
78 31 43
80 22 42
13 62 69
85 84 21
97 14 17
22 42 25
30 94 18
21 28 21
16 20 69
18 95 60
70 35 40
15 73 20
28 58 46
8 2 87
75 46 17
79 29 41
12 88 91
73 81 29
54 93 10
47 92 81
71 59 9
6 68 91
91 83 54
100 28 10
49 97 30
67 43 16
15 19 12
47 2 34
