100 50
60 63 976442109
22 7 868380691
27 15 62796497
44 37 755954638
33 50 352883211
97 7 628399463
68 5 836681572
3 76 898422311
51 5 995932565
1 17 356882393
52 93 711121965
23 23 770228558
64 86 986016358
53 36 514632939
11 47 379057088
79 6 217986681
56 59 746395820
72 15 705499294
24 45 488952770
2 31 294377483
57 64 502935456
44 71 977097438
38 7 252057180
1 67 371046862
16 89 859921645
72 10 511891702
56 8 709764715
95 44 354410823
16 26 404500021
73 36 49451365
91 61 975293277
78 19 891439668
96 77 598055764
2 5 165625455
92 20 970346993
82 66 958365699
55 9 180047416
94 26 285219913
89 35 869221874
19 45 622100898
78 79 889568357
22 57 694123465
47 51 429352971
22 78 773862290
22 66 314422585
26 28 986653806
83 66 211537557
38 87 482036287
100 85 991217358
79 47 481170769